undertow-io/undertow,d0efffad5d2034bb07525cac9b299dac72c3045d,websockets-jsr,io.undertow.websockets.jsr.test.JsrWebSocketServer08Test#testErrorHandling,io/undertow/server/HttpServerExchange$1#830~io/undertow/server/HttpServerExchange$1#830[12800],0,1,FALSE,45.796050385
